0 0.346 0.66225 0.3795 0.66225 0.3795 0.696 0.346 0.696
0 0.23816666666666667 0.434 0.27566666666666667 0.434 0.27566666666666667 0.463 0.23816666666666667 0.463
0 0.244 0.376 0.28833333333333333 0.376 0.28833333333333333 0.40625 0.244 0.40625
0 0.3998333333333333 0.2705 0.4231666666666667 0.2705 0.4231666666666667 0.3095 0.3998333333333333 0.3095
0 0.468 0.0685 0.49483333333333335 0.0685 0.49483333333333335 0.11125 0.468 0.11125
0 0.5461666666666667 0.4955 0.564 0.4955 0.564 0.5355 0.5461666666666667 0.5355
0 0.5328333333333334 0.51475 0.554 0.51475 0.554 0.55225 0.5328333333333334 0.55225
0 0.5003333333333333 0.62775 0.5183333333333333 0.62775 0.5183333333333333 0.591 0.5003333333333333 0.591
0 0.5296666666666666 0.6445 0.5418333333333333 0.6445 0.5418333333333333 0.6285 0.5296666666666666 0.6285
0 0.6183333333333333 0.68775 0.6515 0.68775 0.6515 0.73525 0.6183333333333333 0.73525
0 0.32966666666666666 0.9135 0.36616666666666664 0.9135 0.36616666666666664 0.96075 0.32966666666666666 0.96075
0 0.36983333333333335 0.94175 0.3338333333333333 0.94175 0.3338333333333333 0.99975 0.36983333333333335 0.99975