0 0.35483333333333333 0.2795 0.39466666666666667 0.2795 0.39466666666666667 0.31275 0.35483333333333333 0.31275
0 0.35583333333333333 0.30825 0.3855 0.30825 0.3855 0.34475 0.35583333333333333 0.34475
0 0.3973333333333333 0.37025 0.37383333333333335 0.37025 0.37383333333333335 0.319 0.3973333333333333 0.319
0 0.3526666666666667 0.2135 0.37383333333333335 0.2135 0.37383333333333335 0.24625 0.3526666666666667 0.24625
0 0.2975 0.24025 0.3318333333333333 0.24025 0.3318333333333333 0.292 0.2975 0.292
0 0.291 0.306 0.33316666666666667 0.306 0.33316666666666667 0.345 0.291 0.345
0 0.18566666666666667 0.29425 0.22416666666666665 0.29425 0.22416666666666665 0.3325 0.18566666666666667 0.3325
0 0.19233333333333333 0.2085 0.236 0.2085 0.236 0.248 0.19233333333333333 0.248
0 0.14966666666666667 0.20725 0.19433333333333333 0.20725 0.19433333333333333 0.2595 0.14966666666666667 0.2595
0 0.284 0.928 0.32216666666666666 0.928 0.32216666666666666 0.984 0.284 0.984
0 0.338 0.94 0.2975 0.94 0.2975 0.994 0.338 0.994