0 0.5453333333333333 0.68425 0.5193333333333333 0.68425 0.5193333333333333 0.71325 0.5453333333333333 0.71325
0 0.5415 0.6345 0.52 0.6345 0.52 0.6615 0.5415 0.6615
0 0.5756666666666667 0.626 0.5448333333333333 0.626 0.5448333333333333 0.66575 0.5756666666666667 0.66575
0 0.5758333333333333 0.668 0.5531666666666667 0.668 0.5531666666666667 0.715 0.5758333333333333 0.715
0 0.5996666666666667 0.6655 0.6073333333333333 0.6655 0.6073333333333333 0.6405 0.5996666666666667 0.6405
0 0.3298333333333333 0.7325 0.29333333333333333 0.7325 0.29333333333333333 0.762 0.3298333333333333 0.762
0 0.3255 0.54275 0.299 0.54275 0.299 0.50975 0.3255 0.50975
0 0.33716666666666667 0.23825 0.312 0.23825 0.312 0.196 0.33716666666666667 0.196
0 0.3576666666666667 0.1725 0.332 0.1725 0.332 0.2145 0.3576666666666667 0.2145
0 0.31966666666666665 0.17575 0.33816666666666667 0.17575 0.33816666666666667 0.2105 0.31966666666666665 0.2105
0 0.152 0.297 0.18833333333333332 0.297 0.18833333333333332 0.33075 0.152 0.33075