0 0.3476666666666667 0.26825 0.37566666666666665 0.26825 0.37566666666666665 0.308 0.3476666666666667 0.308
0 0.38116666666666665 0.39975 0.4076666666666667 0.39975 0.4076666666666667 0.443 0.38116666666666665 0.443
0 0.488 0.457 0.5008333333333334 0.457 0.5008333333333334 0.4855 0.488 0.4855
0 0.49466666666666664 0.484 0.5206666666666667 0.484 0.5206666666666667 0.51 0.49466666666666664 0.51
0 0.561 0.431 0.5773333333333334 0.431 0.5773333333333334 0.46075 0.561 0.46075
0 0.7706666666666667 0.7855 0.7983333333333333 0.7855 0.7983333333333333 0.83175 0.7706666666666667 0.83175
0 0.783 0.87975 0.8198333333333333 0.87975 0.8198333333333333 0.913 0.783 0.913
0 0.7991666666666667 0.858 0.8331666666666667 0.858 0.8331666666666667 0.909 0.7991666666666667 0.909
0 0.7458333333333333 0.62 0.7155 0.62 0.7155 0.6525 0.7458333333333333 0.6525
0 0.714 0.238 0.7448333333333333 0.238 0.7448333333333333 0.26525 0.714 0.26525
0 0.7148333333333333 0.28275 0.7328333333333333 0.28275 0.7328333333333333 0.31175 0.7148333333333333 0.31175
0 0.7818333333333334 0.29425 0.7575 0.29425 0.7575 0.32225 0.7818333333333334 0.32225