0 0.4465 0.0085 0.4686666666666667 0.0085 0.4686666666666667 0 0.4465 0
0 0.5046666666666667 0.1085 0.5401666666666667 0.1085 0.5401666666666667 0 0.5046666666666667 0
0 0.2763333333333333 0.1255 0.35833333333333334 0.1255 0.35833333333333334 0.21625 0.2763333333333333 0.21625
0 0.109 0.221 0.00016666666666666666 0.221 0.00016666666666666666 0.1145 0.109 0.1145
0 0.075 0.42875 0 0.42875 0 0.5005 0.075 0.5005
0 0.15366666666666667 0.68675 0.07666666666666666 0.68675 0.07666666666666666 0.79075 0.15366666666666667 0.79075
0 0.21316666666666667 0.62 0.135 0.62 0.135 0.6995 0.21316666666666667 0.6995
0 0.26016666666666666 0.85 0.3365 0.85 0.3365 0.7515 0.26016666666666666 0.7515
0 0.23083333333333333 0.74325 0.3065 0.74325 0.3065 0.837 0.23083333333333333 0.837
0 0.684 0.53 0.741 0.53 0.741 0.61425 0.684 0.61425
0 0.8311666666666667 0.687 0.9173333333333333 0.687 0.9173333333333333 0.76675 0.8311666666666667 0.76675
0 0.9521666666666667 0.817 0.8573333333333333 0.817 0.8573333333333333 0.737 0.9521666666666667 0.737