0 0.051666666666666666 0.0805 0.11016666666666666 0.0805 0.11016666666666666 0.1375 0.051666666666666666 0.1375
0 0.106 0.22775 0.1495 0.22775 0.1495 0.27575 0.106 0.27575
0 0.20283333333333334 0.291 0.24166666666666667 0.291 0.24166666666666667 0.33125 0.20283333333333334 0.33125
0 0.198 0.33025 0.23166666666666666 0.33025 0.23166666666666666 0.3595 0.198 0.3595
0 0.27566666666666667 0.28425 0.306 0.28425 0.306 0.324 0.27566666666666667 0.324
0 0.2645 0.3985 0.31583333333333335 0.3985 0.31583333333333335 0.43775 0.2645 0.43775
0 0.49666666666666665 0.79225 0.5198333333333334 0.79225 0.5198333333333334 0.831 0.49666666666666665 0.831
0 0.5128333333333334 0.77725 0.536 0.77725 0.536 0.824 0.5128333333333334 0.824
0 0.4925 0.153 0.5135 0.153 0.5135 0.204 0.4925 0.204
0 0.5356666666666666 0.1295 0.5578333333333333 0.1295 0.5578333333333333 0.163 0.5356666666666666 0.163
0 0.4765 0.048 0.513 0.048 0.513 0.09125 0.4765 0.09125
0 0.648 0.586 0.6775 0.586 0.6775 0.62225 0.648 0.62225