0 0.5345 0.7515 0.557 0.7515 0.557 0.78325 0.5345 0.78325
0 0.5503333333333333 0.79475 0.5661666666666667 0.79475 0.5661666666666667 0.76875 0.5503333333333333 0.76875
0 0.5958333333333333 0.63725 0.6108333333333333 0.63725 0.6108333333333333 0.662 0.5958333333333333 0.662
0 0.6015 0.59825 0.6251666666666666 0.59825 0.6251666666666666 0.61775 0.6015 0.61775
0 0.739 0.57225 0.7603333333333333 0.57225 0.7603333333333333 0.60325 0.739 0.60325
0 0.9358333333333333 0.68625 0.9788333333333333 0.68625 0.9788333333333333 0.70975 0.9358333333333333 0.70975
0 0.786 0.8665 0.8238333333333333 0.8665 0.8238333333333333 0.90275 0.786 0.90275
0 0.7726666666666666 0.833 0.8028333333333333 0.833 0.8028333333333333 0.8615 0.7726666666666666 0.8615
0 0.8038333333333333 0.782 0.8335 0.782 0.8335 0.8205 0.8038333333333333 0.8205
0 0.8166666666666667 0.76825 0.8438333333333333 0.76825 0.8438333333333333 0.8095 0.8166666666666667 0.8095
0 0.6355 0.92975 0.6571666666666667 0.92975 0.6571666666666667 0.96975 0.6355 0.96975