0 0.7668333333333334 0.5715 0.751 0.5715 0.751 0.595 0.7668333333333334 0.595
0 0.7306666666666667 0.56475 0.7551666666666667 0.56475 0.7551666666666667 0.5865 0.7306666666666667 0.5865
0 0.8783333333333333 0.06175 0.8596666666666667 0.06175 0.8596666666666667 0.0865 0.8783333333333333 0.0865
0 0.8395 0.048 0.8061666666666667 0.048 0.8061666666666667 0.10725 0.8395 0.10725
0 0.8401666666666666 0.10425 0.8166666666666667 0.10425 0.8166666666666667 0.13225 0.8401666666666666 0.13225
0 0.7925 0.1455 0.8175 0.1455 0.8175 0.1065 0.7925 0.1065
0 0.7836666666666666 0.11275 0.8116666666666666 0.11275 0.8116666666666666 0.065 0.7836666666666666 0.065
0 0.6065 0.159 0.6238333333333334 0.159 0.6238333333333334 0.13075 0.6065 0.13075
0 0.6673333333333333 0.103 0.6485 0.103 0.6485 0.1445 0.6673333333333333 0.1445
0 0.6281666666666667 0.09375 0.608 0.09375 0.608 0.13075 0.6281666666666667 0.13075
0 0.5486666666666666 0.3015 0.5316666666666666 0.3015 0.5316666666666666 0.3295 0.5486666666666666 0.3295