0 0.2936666666666667 0.41625 0.3185 0.41625 0.3185 0.45325 0.2936666666666667 0.45325
0 0.33116666666666666 0.436 0.309 0.436 0.309 0.45625 0.33116666666666666 0.45625
0 0.47433333333333333 0.409 0.49016666666666664 0.409 0.49016666666666664 0.4305 0.47433333333333333 0.4305
0 0.6013333333333334 0.44875 0.6258333333333334 0.44875 0.6258333333333334 0.42175 0.6013333333333334 0.42175
0 0.5898333333333333 0.41225 0.611 0.41225 0.611 0.3915 0.5898333333333333 0.3915
0 0.6321666666666667 0.338 0.6486666666666666 0.338 0.6486666666666666 0.36225 0.6321666666666667 0.36225
0 0.6193333333333333 0.37175 0.638 0.37175 0.638 0.347 0.6193333333333333 0.347
0 0.7161666666666666 0.446 0.735 0.446 0.735 0.47175 0.7161666666666666 0.47175
0 0.7915 0.30225 0.8205 0.30225 0.8205 0.335 0.7915 0.335
0 0.4861666666666667 0.09125 0.513 0.09125 0.513 0.13125 0.4861666666666667 0.13125
0 0.42866666666666664 0.17225 0.45266666666666666 0.17225 0.45266666666666666 0.203 0.42866666666666664 0.203
0 0.4195 0.21875 0.43283333333333335 0.21875 0.43283333333333335 0.2415 0.4195 0.2415