0 0.4156666666666667 0.36625 0.4375 0.36625 0.4375 0.40925 0.4156666666666667 0.40925
0 0.4425 0.3455 0.4613333333333333 0.3455 0.4613333333333333 0.388 0.4425 0.388
0 0.404 0.487 0.4235 0.487 0.4235 0.51475 0.404 0.51475
0 0.41283333333333333 0.51975 0.431 0.51975 0.431 0.549 0.41283333333333333 0.549
0 0.571 0.7335 0.5863333333333334 0.7335 0.5863333333333334 0.76125 0.571 0.76125
0 0.573 0.788 0.592 0.788 0.592 0.75975 0.573 0.75975
0 0.565 0.866 0.5796666666666667 0.866 0.5796666666666667 0.9005 0.565 0.9005
0 0.5261666666666667 0.877 0.5451666666666667 0.877 0.5451666666666667 0.91425 0.5261666666666667 0.91425
0 0.316 0.7065 0.3383333333333333 0.7065 0.3383333333333333 0.72875 0.316 0.72875
0 0.24783333333333332 0.6075 0.2773333333333333 0.6075 0.2773333333333333 0.6355 0.24783333333333332 0.6355
0 0.552 0.557 0.5765 0.557 0.5765 0.5865 0.552 0.5865