0 0.36083333333333334 0.39375 0.3898333333333333 0.39375 0.3898333333333333 0.43775 0.36083333333333334 0.43775
0 0.3373333333333333 0.1075 0.3641666666666667 0.1075 0.3641666666666667 0.16075 0.3373333333333333 0.16075
0 0.4665 0.267 0.49183333333333334 0.267 0.49183333333333334 0.328 0.4665 0.328
0 0.5226666666666666 0.3085 0.49483333333333335 0.3085 0.49483333333333335 0.36175 0.5226666666666666 0.36175
0 0.5348333333333334 0.3325 0.5613333333333334 0.3325 0.5613333333333334 0.36325 0.5348333333333334 0.36325
0 0.5655 0.448 0.6145 0.448 0.6145 0.506 0.5655 0.506
0 0.62 0.57525 0.6756666666666666 0.57525 0.6756666666666666 0.64425 0.62 0.64425
0 0.6623333333333333 0.68475 0.717 0.68475 0.717 0.7435 0.6623333333333333 0.7435
0 0.526 0.8865 0.5423333333333333 0.8865 0.5423333333333333 0.93875 0.526 0.93875
0 0.5618333333333333 0.9495 0.592 0.9495 0.592 0.9995 0.5618333333333333 0.9995
0 0.49233333333333335 0.6115 0.5148333333333334 0.6115 0.5148333333333334 0.65125 0.49233333333333335 0.65125